
событий: 15113504; монет 4, дней 33

Движение средней цены в ожидаемую сторону, б.п. (t — статистика); издержки круга: maker 4, taker 11
       kind period       n  per_coin_day    10s   t10    60s   t60   300s   t300   900s   t900  3600s  t3600
   absorbed     ho     223          3.78 -12.63 -1.22  24.74  1.09  55.72   1.65  52.59   1.41  30.56   0.75
   absorbed     is    2076         86.50  -5.96 -4.50  -2.24 -0.97  -4.22  -1.75  -0.81  -0.26  -3.97  -1.02
   absorbed    val      10          0.21   0.00   NaN  -7.65   NaN -17.04    NaN -25.23    NaN  29.81    NaN
   consumed     ho    8382        142.07   2.68  2.80 -12.88 -5.60 -44.70 -15.19 -46.21 -13.56 -49.32 -13.17
   consumed     is  133799       5574.96   0.37  5.05  -0.57 -4.16  -1.20  -6.62  -0.69  -2.57  -4.41  -9.92
   consumed    val    8943        190.28   0.48  3.65  -0.57 -2.17  -1.76  -3.49  -6.03  -7.08 -16.22 -10.87
 pulled_far     ho  932204      15800.07   0.43 20.12   3.41 58.54  12.39 155.55  25.64 225.73  57.70 309.81
 pulled_far     is 3847775     160323.96   0.10 12.85   0.41 23.76   0.10   3.34   2.66  58.33  14.09 173.12
 pulled_far    val 2106614      44821.57   0.11 19.93   0.02  1.93   0.64  23.58   2.28  51.41   6.39  78.57
pulled_near     ho  128596       2179.59  -0.27 -3.31  -0.75 -3.34  -2.64  -9.52  -3.71 -10.05  -2.77  -5.83
pulled_near     is 7316944     304872.67   0.14 39.16   0.14 16.50   0.01   0.82   0.10   3.50   0.66  12.54
pulled_near    val  627938      13360.38   0.18 15.59   0.05  1.96  -0.07  -1.26   0.09   1.00  -2.45 -14.49

Только крупные стены (>= 15 медиан):
       kind period       n    10s    60s   300s   900s  3600s
   absorbed     ho      81  -8.22  30.89  20.03  13.33  10.44
   absorbed     is     484 -11.37   3.51   2.37  10.00   4.69
   absorbed    val       3  -6.71 -16.39 -37.88   3.47 -43.15
   consumed     ho    1808   2.04 -37.08 -90.36 -98.17 -99.36
   consumed     is   42583   0.77  -0.86  -1.61  -1.35  -5.77
   consumed    val    1203   0.84  -0.69  -2.40  -8.05 -21.61
 pulled_far     ho   55839   0.51  18.07  51.87  83.24 123.51
 pulled_far     is 1579028   0.20   0.55  -0.14   3.23  14.55
 pulled_far    val  222671   0.26   0.26   1.46   4.33  10.60
pulled_near     ho   12334  -3.87  -9.90 -13.63 -19.00 -18.47
pulled_near     is 3120927   0.18   0.19  -0.02   0.35   2.67
pulled_near    val   76614   0.22   0.05   0.13  -0.01 -10.06
