===== LUX R:R: LuxAlgo Trendlines with Breaks, выход 1:3 / 1:5, вход по пробою и на ретесте =====

===== LUX R:R 15m: частей 10, сделок 4,323,879, монет 70 =====

=== 15m: все 48 настроек (средний R после комиссий; t по дням), по убыванию t на IS ===
 length  entry  stop  tp  filter   is_n  is_win  is_avgR  is_t_day  val_n  val_win  val_avgR  val_t_day  ho_n  ho_win  ho_avgR  ho_t_day  сделок/день/монету (IS)
     28 retest swing 5.0    none  30842   0.208    0.025     0.772  11572    0.210     0.047      0.810 10961   0.205   -0.006    -0.125                    0.483
     28 retest swing 5.0 trend4h  23488   0.202    0.021     0.536   8601    0.205     0.026      0.398  8167   0.197   -0.016    -0.275                    0.368
     28 retest swing 5.0     vol  21407   0.207    0.016     0.460   7589    0.204     0.018      0.292  7453   0.199   -0.028    -0.525                    0.335
     28 retest swing 3.0 trend4h  26331   0.268    0.005     0.177   9664    0.269     0.014      0.288  9267   0.265   -0.007    -0.148                    0.412
     28 retest swing 3.0     vol  23972   0.269    0.004     0.147   8486    0.267     0.006      0.138  8343   0.262   -0.023    -0.555                    0.376
     28 market swing 5.0 trend4h  27592   0.203   -0.003    -0.065   9955    0.213     0.042      0.573  9622   0.196   -0.047    -0.797                    0.432
     28 retest swing 3.0    none  36449   0.268   -0.002    -0.107  13641    0.275     0.032      0.756 13076   0.264   -0.018    -0.515                    0.571
     28 market swing 5.0    none  35821   0.207   -0.015    -0.464  13224    0.214     0.043      0.683 12405   0.211    0.003     0.067                    0.561
     28 market swing 3.0 trend4h  31725   0.268   -0.015    -0.498  11558    0.273     0.013      0.244 11176   0.262   -0.039    -0.857                    0.497
     28 market swing 5.0     vol  26712   0.205   -0.025    -0.693   9351    0.207     0.017      0.262  9192   0.202   -0.041    -0.759                    0.418
     14 market swing 5.0 trend4h  42074   0.195   -0.026    -0.766  15353    0.207     0.044      0.718 14848   0.190   -0.060    -1.213                    0.659
     14 retest swing 5.0 trend4h  40146   0.187   -0.027    -0.860  14654    0.196     0.030      0.505 14039   0.188   -0.035    -0.772                    0.629
     28 market swing 3.0     vol  30824   0.267   -0.025    -0.935  10692    0.268    -0.011     -0.215 10587   0.258   -0.063    -1.555                    0.483
     14 retest swing 5.0     vol  27460   0.191   -0.034    -1.233   9655    0.192    -0.016     -0.317  9500   0.187   -0.067    -1.598                    0.430
     28 market swing 3.0    none  43447   0.266   -0.030    -1.243  15987    0.276     0.017      0.362 15324   0.265   -0.035    -0.953                    0.681
     14 retest swing 3.0 trend4h  47087   0.260   -0.035    -1.557  17293    0.266    -0.000     -0.005 16601   0.261   -0.034    -1.003                    0.738
     14 market swing 5.0     vol  31992   0.197   -0.049    -1.627  11354    0.203     0.000      0.007 11124   0.191   -0.091    -2.049                    0.501
     14 market swing 5.0    none  46946   0.197   -0.049    -1.828  16916    0.209     0.022      0.414 16137   0.198   -0.067    -1.655                    0.735
     14 market swing 3.0 trend4h  51574   0.261   -0.048    -1.957  19169    0.275     0.014      0.316 18235   0.259   -0.064    -1.739                    0.808
     14 retest swing 5.0    none  47119   0.188   -0.049    -2.131  17106    0.199     0.020      0.447 16323   0.193   -0.037    -1.057                    0.738
     14 market swing 3.0     vol  37273   0.261   -0.051    -2.289  13382    0.269    -0.007     -0.172 13022   0.255   -0.083    -2.553                    0.584
     28 retest  atr1 5.0 trend4h  33987   0.177   -0.068    -2.315  12358    0.168    -0.105     -2.172 11743   0.168   -0.136    -3.110                    0.532
     14 market swing 3.0    none  58777   0.264   -0.044    -2.326  21604    0.278     0.018      0.478 20473   0.260   -0.073    -2.568                    0.921
     14 retest swing 3.0     vol  30719   0.258   -0.049    -2.491  10819    0.263    -0.015     -0.419 10716   0.253   -0.075    -2.488                    0.481
     28 retest  atr1 5.0     vol  32693   0.177   -0.067    -2.502  11217    0.171    -0.083     -1.948 11199   0.165   -0.152    -3.749                    0.512
     14 retest swing 3.0    none  57190   0.258   -0.048    -2.983  21034    0.267    -0.003     -0.098 20083   0.261   -0.044    -1.822                    0.896
     14 retest  atr1 5.0 trend4h  64571   0.173   -0.093    -3.924  23404    0.176    -0.060     -1.401 22551   0.168   -0.142    -4.162                    1.011
     28 retest  atr1 5.0    none  62277   0.174   -0.089    -4.118  22983    0.175    -0.061     -1.577 21800   0.169   -0.135    -3.876                    0.976
     14 retest  atr1 5.0     vol  40446   0.173   -0.095    -4.234  13927    0.179    -0.037     -0.944 13981   0.162   -0.177    -4.922                    0.634
     28 retest  atr1 3.0 trend4h  34689   0.258   -0.092    -4.381  12569    0.254    -0.094     -2.697 11941   0.257   -0.112    -3.295                    0.543
     28 retest  atr1 3.0     vol  33465   0.260   -0.084    -4.384  11465    0.252    -0.099     -3.192 11407   0.252   -0.131    -4.246                    0.524
     28 market  atr1 5.0     vol  45143   0.176   -0.135    -4.419  15155    0.173    -0.128     -2.704 15351   0.168   -0.210    -4.609                    0.707
     28 market  atr1 5.0 trend4h  43211   0.176   -0.139    -4.500  15678    0.178    -0.102     -1.910 14958   0.169   -0.208    -4.263                    0.677
     14 retest  atr1 3.0 trend4h  67862   0.258   -0.096    -5.639  24658    0.267    -0.042     -1.419 23711   0.255   -0.122    -4.730                    1.063
     28 retest  atr1 3.0    none  65017   0.257   -0.097    -6.291  23887    0.258    -0.076     -2.852 22639   0.254   -0.123    -4.652                    1.018
     14 retest  atr1 5.0    none 104342   0.171   -0.104    -6.312  37682    0.176    -0.060     -2.043 36236   0.165   -0.153    -5.837                    1.634
     14 retest  atr1 3.0     vol  42079   0.255   -0.106    -6.459  14465    0.265    -0.049     -1.751 14591   0.247   -0.151    -5.832                    0.659
     14 market  atr1 5.0 trend4h  86165   0.173   -0.163    -6.603  31398    0.174    -0.127     -2.997 29974   0.168   -0.214    -6.018                    1.350
     28 market  atr1 5.0    none  80447   0.172   -0.165    -6.990  29357    0.175    -0.121     -3.111 28034   0.171   -0.194    -5.193                    1.260
     14 market  atr1 5.0     vol  61018   0.170   -0.174    -7.038  21090    0.176    -0.114     -2.563 20957   0.163   -0.242    -6.615                    0.956
     28 market  atr1 3.0     vol  46308   0.257   -0.159    -7.241  15463    0.252    -0.153     -4.525 15672   0.253   -0.199    -5.996                    0.725
     28 market  atr1 3.0 trend4h  44266   0.256   -0.166    -7.356  16031    0.259    -0.130     -3.386 15272   0.257   -0.189    -5.300                    0.693
     14 retest  atr1 3.0    none 116901   0.256   -0.102    -8.938  42513    0.264    -0.053     -2.563 40568   0.251   -0.137    -7.028                    1.831
     14 market  atr1 5.0    none 144200   0.170   -0.173    -9.515  52271    0.173    -0.130     -4.012 49806   0.166   -0.219    -7.569                    2.259
     14 market  atr1 3.0     vol  64257   0.252   -0.182    -9.766  22109    0.259    -0.128     -3.861 22127   0.247   -0.226    -8.190                    1.007
     14 market  atr1 3.0 trend4h  91461   0.254   -0.177    -9.810  33498    0.263    -0.116     -3.702 31828   0.252   -0.208    -7.768                    1.433
     28 market  atr1 3.0    none  84300   0.254   -0.176   -10.304  30569    0.254    -0.148     -5.408 29324   0.255   -0.191    -6.985                    1.320
     14 market  atr1 3.0    none 165390   0.252   -0.184   -13.810  60534    0.258    -0.133     -5.847 57133   0.248   -0.219   -10.333                    2.591

ВОРОТА 15m: IS t > 2 и VAL R > 0, t > 1.5 -> HOLDOUT:
  никто не прошёл

Настройка с графика (length 14, без фильтра), 15m:
 length  entry  stop  tp filter   is_n  is_win  is_avgR  is_t_day  val_n  val_win  val_avgR  val_t_day  ho_n  ho_win  ho_avgR  ho_t_day
     14 market swing 5.0   none  46946   0.197   -0.049    -1.828  16916    0.209     0.022      0.414 16137   0.198   -0.067    -1.655
     14 retest swing 5.0   none  47119   0.188   -0.049    -2.131  17106    0.199     0.020      0.447 16323   0.193   -0.037    -1.057
     14 market swing 3.0   none  58777   0.264   -0.044    -2.326  21604    0.278     0.018      0.478 20473   0.260   -0.073    -2.568
     14 retest swing 3.0   none  57190   0.258   -0.048    -2.983  21034    0.267    -0.003     -0.098 20083   0.261   -0.044    -1.822
     14 retest  atr1 5.0   none 104342   0.171   -0.104    -6.312  37682    0.176    -0.060     -2.043 36236   0.165   -0.153    -5.837
     14 retest  atr1 3.0   none 116901   0.256   -0.102    -8.938  42513    0.264    -0.053     -2.563 40568   0.251   -0.137    -7.028
     14 market  atr1 5.0   none 144200   0.170   -0.173    -9.515  52271    0.173    -0.130     -4.012 49806   0.166   -0.219    -7.569
     14 market  atr1 3.0   none 165390   0.252   -0.184   -13.810  60534    0.258    -0.133     -5.847 57133   0.248   -0.219   -10.333

===== LUX R:R 1h: частей 10, сделок 3,093,126, монет 724 =====

=== 1h: все 48 настроек (средний R после комиссий; t по дням), по убыванию t на IS ===
 length  entry  stop  tp  filter  is_n  is_win  is_avgR  is_t_day  val_n  val_win  val_avgR  val_t_day  ho_n  ho_win  ho_avgR  ho_t_day  сделок/день/монету (IS)
     28 retest  atr1 5.0     vol 15200   0.194    0.071     1.602   7123    0.181     0.016      0.242  8920   0.183   -0.001    -0.020                    0.023
     28 retest  atr1 3.0     vol 15424   0.276    0.048     1.455   7206    0.257    -0.014     -0.304  9046   0.265    0.001     0.014                    0.023
     28 retest  atr1 5.0    none 31820   0.191    0.049     1.327  16542    0.186     0.041      0.655 19393   0.184   -0.000    -0.013                    0.048
     14 retest swing 3.0    none 35953   0.316    0.033     1.317  18550    0.317     0.035      0.919 22060   0.313    0.003     0.138                    0.054
     14 market swing 3.0    none 40082   0.333    0.034     1.200  20944    0.338     0.056      1.322 24842   0.324   -0.017    -0.658                    0.061
     28 retest swing 5.0    none 22454   0.321    0.046     1.191  11733    0.320     0.075      1.206 13977   0.325    0.026     0.669                    0.034
     14 retest swing 5.0    none 33697   0.283    0.036     1.127  17529    0.286     0.051      1.125 20845   0.280    0.002     0.076                    0.051
     28 retest swing 5.0     vol 12678   0.319    0.045     1.067   6039    0.285    -0.042     -0.701  7554   0.318    0.040     0.870                    0.019
     14 market swing 5.0    none 37507   0.309    0.036     1.050  19610    0.314     0.056      1.162 23424   0.301   -0.011    -0.342                    0.057
     28 market  atr1 5.0     vol 22574   0.195    0.054     1.031  10080    0.190     0.053      0.624 12837   0.186   -0.012    -0.250                    0.034
     28 market swing 5.0     vol 17934   0.324    0.048     0.990   8271    0.316     0.051      0.749 10411   0.321    0.055     1.102                    0.027
     14 market  atr1 5.0     vol 32095   0.194    0.044     0.983  15549    0.180    -0.016     -0.232 19180   0.176   -0.066    -1.527                    0.049
     28 market swing 5.0    none 28528   0.326    0.041     0.975  14673    0.333     0.107      1.495 17421   0.328    0.018     0.446                    0.043
     28 retest swing 3.0    none 22975   0.337    0.030     0.917  12021    0.340     0.073      1.426 14314   0.343    0.024     0.724                    0.035
     28 market swing 3.0    none 29346   0.342    0.030     0.864  15098    0.350     0.092      1.591 17906   0.346    0.016     0.460                    0.044
     28 retest  atr1 3.0    none 32743   0.270    0.023     0.845  16995    0.266     0.021      0.462 19924   0.264   -0.003    -0.125                    0.050
     14 market swing 5.0     vol 22423   0.311    0.033     0.824  11160    0.295    -0.028     -0.500 13687   0.297   -0.012    -0.274                    0.034
     28 market swing 3.0     vol 18277   0.340    0.034     0.821   8428    0.334     0.042      0.708 10587   0.344    0.037     0.905                    0.028
     14 retest swing 5.0 trend4h 26404   0.267    0.031     0.780  13604    0.276     0.035      0.584 16179   0.266   -0.009    -0.258                    0.040
     28 market  atr1 3.0     vol 22932   0.277    0.028     0.758  10198    0.266    -0.000     -0.001 13009   0.271   -0.005    -0.136                    0.035
     28 market swing 5.0 trend4h 22066   0.316    0.036     0.739  11163    0.341     0.139      1.625 13503   0.323    0.009     0.203                    0.033
     14 market swing 3.0     vol 23273   0.332    0.025     0.739  11516    0.316    -0.017     -0.334 14074   0.318   -0.027    -0.782                    0.035
     28 retest swing 3.0     vol 12860   0.334    0.027     0.731   6133    0.305    -0.037     -0.704  7654   0.339    0.038     0.949                    0.019
     28 retest swing 5.0 trend4h 17411   0.310    0.033     0.705   8914    0.332     0.130      1.672 10908   0.319    0.008     0.206                    0.026
     28 market swing 3.0 trend4h 22585   0.333    0.026     0.668  11407    0.356     0.118      1.750 13755   0.344    0.017     0.459                    0.034
     14 retest swing 3.0 trend4h 27710   0.302    0.021     0.647  14266    0.306     0.016      0.320 16908   0.302   -0.007    -0.238                    0.042
     14 market swing 5.0 trend4h 30874   0.291    0.026     0.635  15909    0.305     0.027      0.473 19053   0.292   -0.011    -0.303                    0.047
     28 market  atr1 5.0    none 42485   0.191    0.026     0.631  21417    0.191     0.056      0.760 25300   0.181   -0.046    -1.219                    0.064
     28 retest  atr1 5.0 trend4h 21137   0.185    0.023     0.534  10764    0.185     0.039      0.531 13097   0.184    0.001     0.035                    0.032
     28 market  atr1 5.0 trend4h 27900   0.189    0.024     0.498  13831    0.188     0.038      0.481 16801   0.179   -0.055    -1.242                    0.042
     14 retest  atr1 5.0     vol 20166   0.185    0.019     0.491  10249    0.174    -0.040     -0.697 12468   0.173   -0.060    -1.575                    0.031
     14 retest swing 5.0     vol 16512   0.276    0.016     0.425   8421    0.265    -0.042     -0.788 10199   0.275   -0.005    -0.139                    0.025
     14 market  atr1 3.0     vol 33776   0.273    0.014     0.399  16180    0.251    -0.058     -1.169 19986   0.249   -0.094    -2.758                    0.051
     28 retest swing 3.0 trend4h 17733   0.326    0.012     0.308   9078    0.350     0.113      1.760 11075   0.341    0.021     0.597                    0.027
     14 market swing 3.0 trend4h 32567   0.315    0.010     0.302  16816    0.326     0.021      0.400 20003   0.317   -0.018    -0.553                    0.049
     28 retest  atr1 3.0 trend4h 21496   0.265    0.006     0.203  10936    0.261    -0.001     -0.017 13324   0.266    0.004     0.137                    0.033
     28 market  atr1 3.0    none 43799   0.272    0.005     0.182  22049    0.270     0.013      0.259 26051   0.259   -0.051    -1.845                    0.066
     14 retest swing 3.0     vol 16996   0.307    0.005     0.178   8645    0.297    -0.031     -0.682 10510   0.305   -0.008    -0.248                    0.026
     28 market  atr1 3.0 trend4h 28418   0.270    0.000     0.010  14082    0.265    -0.007     -0.132 17107   0.257   -0.060    -1.917                    0.043
     14 retest  atr1 5.0    none 54508   0.182   -0.000    -0.002  28463    0.178    -0.016     -0.341 33132   0.179   -0.031    -1.065                    0.083
     14 market  atr1 5.0    none 75686   0.187   -0.000    -0.005  39275    0.181    -0.019     -0.361 45528   0.178   -0.063    -1.963                    0.115
     14 retest  atr1 5.0 trend4h 34701   0.178   -0.012    -0.315  17713    0.172    -0.047     -0.829 21056   0.177   -0.031    -0.836                    0.053
     14 market  atr1 5.0 trend4h 46797   0.181   -0.019    -0.455  23728    0.177    -0.039     -0.632 28154   0.177   -0.064    -1.629                    0.071
     14 retest  atr1 3.0     vol 20863   0.258   -0.020    -0.708  10591    0.250    -0.043     -1.032 12853   0.249   -0.067    -2.233                    0.032
     14 retest  atr1 3.0 trend4h 36188   0.255   -0.033    -1.152  18548    0.250    -0.046     -1.002 22013   0.253   -0.049    -1.735                    0.055
     14 market  atr1 3.0 trend4h 49437   0.260   -0.041    -1.292  25150    0.253    -0.054     -1.124 29892   0.252   -0.080    -2.730                    0.075
     14 retest  atr1 3.0    none 59701   0.256   -0.028    -1.359  31167    0.253    -0.031     -0.916 36182   0.254   -0.044    -2.079                    0.090
     14 market  atr1 3.0    none 85281   0.262   -0.033    -1.380  44188    0.255    -0.045     -1.204 51100   0.252   -0.077    -3.220                    0.129

ВОРОТА 1h: IS t > 2 и VAL R > 0, t > 1.5 -> HOLDOUT:
  никто не прошёл

Настройка с графика (length 14, без фильтра), 1h:
 length  entry  stop  tp filter  is_n  is_win  is_avgR  is_t_day  val_n  val_win  val_avgR  val_t_day  ho_n  ho_win  ho_avgR  ho_t_day
     14 retest swing 3.0   none 35953   0.316    0.033     1.317  18550    0.317     0.035      0.919 22060   0.313    0.003     0.138
     14 market swing 3.0   none 40082   0.333    0.034     1.200  20944    0.338     0.056      1.322 24842   0.324   -0.017    -0.658
     14 retest swing 5.0   none 33697   0.283    0.036     1.127  17529    0.286     0.051      1.125 20845   0.280    0.002     0.076
     14 market swing 5.0   none 37507   0.309    0.036     1.050  19610    0.314     0.056      1.162 23424   0.301   -0.011    -0.342
     14 retest  atr1 5.0   none 54508   0.182   -0.000    -0.002  28463    0.178    -0.016     -0.341 33132   0.179   -0.031    -1.065
     14 market  atr1 5.0   none 75686   0.187   -0.000    -0.005  39275    0.181    -0.019     -0.361 45528   0.178   -0.063    -1.963
     14 retest  atr1 3.0   none 59701   0.256   -0.028    -1.359  31167    0.253    -0.031     -0.916 36182   0.254   -0.044    -2.079
     14 market  atr1 3.0   none 85281   0.262   -0.033    -1.380  44188    0.255    -0.045     -1.204 51100   0.252   -0.077    -3.220
частей с результатами: 20 файлов; collect: success
