символов в архиве сделок: 1094
  50/1094
  100/1094
  150/1094
  200/1094
  250/1094
  300/1094
  350/1094
  400/1094
  450/1094
  500/1094
  550/1094
  600/1094
  650/1094
  700/1094
  750/1094
  800/1094
  850/1094
  900/1094
  950/1094
  1000/1094
  1050/1094

с данными стакана: 558
распределение медианного спреда (б.п.): {'count': 558.0, 'mean': 8.72, 'std': 6.07, 'min': 0.01, '25%': 4.72, '50%': 7.89, '75%': 11.69, 'max': 50.63}

Реализованный спред maker (б.п. на исполнение, до комиссии 2 б.п.), оборот >= $1M/день, топ-60:
      symbol  trades  notional_usd  spread_med_bps  spread_p25_bps  spread_p75_bps  top_depth_usd  depth5_usd  vol_1m_bps  rspread_5s_bps  rspread_30s_bps  rspread_60s_bps  eff_half_spread_bps
     BOTUSDT   21091    2740271.42            7.58            3.79           11.32         132.48     1090.25        9.08           11.75            15.43            15.67                24.17
     TMXUSDT   33645    1096158.51           37.52           33.61           66.89         358.04     6263.03       30.12           14.86            13.92            17.18                39.92
 LONGXIAUSDT  109281    7880492.80           11.65           10.96           15.52         158.63     1731.28       51.58            3.45            11.01            12.64                19.85
   SUSHIUSDT   20837    2315559.68            9.32            4.74            9.46         347.43     6513.03       12.59            5.08             6.77             9.91                11.58
     CVXUSDT   16763    1084235.95           11.40            9.46           13.58          33.91      294.20       14.17            2.79             6.51             5.50                14.75
  HAJIMIUSDT   25880    1159260.68           20.04           14.97           23.82          41.64      338.38       34.24           -0.49             6.51             7.52                36.18
  4STOCKUSDT  174244    6789060.26           30.26           23.05           37.66          85.22      866.01       76.68            1.22             6.22             5.95                31.70
    IOTAUSDT   20077    2154311.92            7.22            5.08            9.42         157.67     1237.11       14.24            3.07             6.07             6.22                14.52
    RKLBUSDT   11071    2346421.56            4.71            3.19            6.25          78.58     5034.53       11.81            5.72             5.68             8.89                12.85
   WAVESUSDT   29242    1491218.10           11.81            7.91           15.94          55.25      623.18       15.89            4.05             5.19             5.95                21.08
   RIVERUSDT   42074    2692954.03            8.19            8.09            8.40         134.08     2809.57       21.54            1.83             4.68             5.36                10.64
    MSTRUSDT   77637   38552104.52            2.29            1.53            3.07         392.17     6286.16       12.92            2.02             4.34             4.14                 5.54
      ARUSDT   29576    1960153.40            7.10            3.72            7.75          76.48     2045.70       16.90            1.69             3.85             3.22                11.61
    CHIPUSDT   82036    7335895.69            4.86            2.64            5.37          71.17     1446.37       21.93            0.07             3.78             5.10                12.85
    DYDXUSDT   22926    1781216.05            4.71            2.67            7.94          50.79      491.63       12.89            2.37             3.59             4.62                 8.74
     GASUSDT   20632    1460319.00            6.42            4.80            8.43          50.84      451.63       16.74            1.47             3.36             3.03                13.32
   CROSSUSDT   24176    1034802.74           10.69            6.94           15.04          22.34      191.07       24.62            1.80             3.30             5.36                13.40
     JTOUSDT   58796    5060733.59            2.36            2.24            4.56         123.39     2544.68       15.53            2.21             3.30             2.71                 8.10
   BLASTUSDT   24559    1059903.99           11.75            8.44           14.99          46.07      476.58       16.37            2.54             3.24             0.94                17.82
   POWERUSDT 1345527   65589871.35            7.85            5.66            9.93          44.85      266.95       83.77            2.46             3.13             3.98                14.00
    STRKUSDT   46422    4287523.74            3.71            3.56            7.15         205.78     8307.49       13.81            2.23             3.05             2.52                 9.69
    ASTRUSDT  396038   15525827.96            8.60            7.02           10.49          51.56      340.37       63.37            0.67             3.05             4.36                15.00
PLAYSOUTUSDT   48353    2610793.71           24.52           15.90           30.95          36.87      194.94       37.41            0.08             2.94             5.16                21.23
     CHZUSDT   11858    1219430.03            7.09            7.02            7.40         341.23    11842.48       11.78            2.36             2.93             2.51                 7.87
      BRUSDT  856579   30992662.17            6.17            4.21            8.04          30.12      181.32       75.71           -0.18             2.88             4.97                15.32
    SAGAUSDT  294294   11718938.48           12.64            9.53           15.51          45.62      224.67       55.02            1.34             2.84             2.75                12.48
    SENTUSDT   28216    1950072.34            8.76            6.11           11.38          71.49      434.56       16.56            0.63             2.79             3.12                10.81
    HIVEUSDT  101189    5840587.12            9.67            7.75           11.62          68.33      449.79       46.32           -0.21             2.77             2.38                10.66
      OPUSDT  304701   20055493.93            1.03            1.00            2.02          88.60     2334.47       17.50            0.72             2.63             2.67                 7.05
     AKEUSDT 2248046  157620301.25            4.21            1.86            6.34          55.75      341.20       87.93            2.70             2.57             3.24                12.77
  POPCATUSDT   23285    1883503.31            4.44            2.26            6.81          76.06     2756.54       11.37            1.09             2.44             1.55                 9.46
      IDUSDT   34428    2783706.47            9.17            6.11           12.28          93.86     1453.26       22.50           -0.07             2.36             2.33                17.19
     WALUSDT   19084    1092889.38            7.19            7.10           10.65          86.09     1069.11       15.31            1.29             2.33             1.66                 9.39
    CRWDUSDT    7049    1017037.64           12.60            9.75           14.99          63.72     2684.68        8.31            0.07             2.31             2.66                 4.52
     CFGUSDT   13553    1154479.65            9.69            9.57            9.80         197.99     3708.50       15.47            3.43             2.24             1.32                13.55
     NEOUSDT    7934    1082307.50            9.23            4.84            9.58         218.45     9827.76       10.17           -0.70             2.23             2.65                10.76
     APEUSDT   32293    1583729.41            3.15            1.58            4.73          20.06      163.62       10.13            1.62             2.17             2.27                 6.07
     APTUSDT  181987   20663708.31            1.74            1.72            1.80         216.18    10896.09       13.68           -0.80             2.17             2.98                 7.97
   STORJUSDT  217371    4877692.70           12.06            8.96           14.94          47.12      385.58       48.27           -0.36             2.15             0.66                16.10
    GALAUSDT   35687    3752939.35            5.96            5.93            6.09         821.79    39661.47       13.56            1.55             1.88             0.42                 6.78
     ARXUSDT   16815    1142140.19           12.44            6.37           12.73          96.97     1054.08       18.81            0.59             1.86             0.72                11.80
    KAIAUSDT    8652    1136137.35            7.13            6.96           10.64         299.82     5760.90       11.97            0.77             1.83             1.86                14.45
    HEMIUSDT   60510    2029699.73            6.02            3.12            9.00          31.17      330.53       21.38            0.88             1.79             0.24                 9.62
    AVGOUSDT   12516    2694572.40            2.02            1.15            2.61         319.46     1562.63        3.84            1.88             1.78             1.67                 3.70
    SANDUSDT   34549    3990043.46            2.98            2.86            5.73         318.88    16713.33       12.43            1.05             1.75             1.73                 6.18
  VELVETUSDT   12459    1312391.29           19.51           19.32           38.10         814.39    17313.89       18.11            1.02             1.74             1.93                14.36
   THETAUSDT   18500    2963308.11           10.19            5.47           10.86         664.32    11776.22       14.56            0.40             1.71             0.49                16.53
    PONSUSDT  633221   71106491.64            3.07            1.59            4.64          88.49     1693.40       35.55            0.56             1.64             1.63                 8.70
  PUFFERUSDT  206737    7290448.37           20.44           14.83           26.51          74.38      692.22       68.34            0.80             1.54             4.23                25.99
   ASTERUSDT   69091   10810706.26            1.45            1.45            1.47         512.63     5160.94       10.34           -0.11             1.39             0.22                 4.90
       TUSDT  211495   15022321.84            4.36            3.88            6.41         147.99     2092.91       30.68           -0.40             1.36             1.68                 6.88
    AEROUSDT   68693    8438806.68            3.55            1.83            3.70         362.97    10110.93       11.62           -0.28             1.35             2.03                 5.81
      CPUSDT   31499    2087147.07           15.49            8.53           16.23         207.04     3273.42       22.14            1.10             1.30             2.86                13.47
     ARMUSDT   11738    1491296.28            6.21            5.38            7.40          55.75      462.97       10.02            1.42             1.28             2.33                 8.56
  MORPHOUSDT   14650    2450255.56            9.28            4.69            9.49         541.27    10151.62       11.71            1.70             1.22             1.54                 8.82
     SPYUSDT    9207    3041474.60            0.40            0.13            0.92         648.84     5965.36        1.30            1.12             1.22             1.46                 1.83
   KAITOUSDT   24678    2579609.50            3.38            3.38            3.47         326.11     7006.85       11.54           -0.94             1.19             0.73                 5.85
     LDOUSDT   65615    5313796.82            2.83            2.79            2.96         217.64    12444.56       12.29            0.95             1.16             1.41                 6.04
     LRCUSDT   40626    1675151.54           11.47           11.29           22.25         140.29     1969.79       34.21            0.89             1.13             0.69                14.55
    COINUSDT   21714    4014285.16            4.86            3.49            6.00         224.82     2899.96       12.17            0.12             1.13             1.27                 4.16

Доля рынков, где реализованный спред 30с > 2 б.п. (комиссия maker): 14% из 283
