
Итог по монетам (сумма за дни):
                         days    pnl_usd     fills        volume  forced  pos_days  bps_of_volume  pnl_per_day
variant    symbol                                                                                             
base       MSTRUSDT         9    -113.21    1092.0  1.913327e+05   234.0      0.00          -5.92       -12.58
           OPUSDT           9    -287.04    3052.0  4.817900e+05   573.0      0.00          -5.96       -31.89
           BOTUSDT          9    -704.26    5249.0  6.937534e+05  1123.0      0.00         -10.15       -78.25
           RKLBUSDT         9    -984.43    5937.0  1.027435e+06  1115.0      0.00          -9.58      -109.38
           HIVEUSDT         9   -1214.58    7606.0  1.205548e+06  1851.0      0.00         -10.07      -134.95
           ASTRUSDT         9   -1376.16    9361.0  1.454882e+06  1909.0      0.00          -9.46      -152.91
           JTOUSDT          9   -1574.47   17849.0  2.544173e+06  1508.0      0.00          -6.19      -174.94
           GASUSDT          9   -1608.33   10104.0  1.759629e+06  1895.0      0.00          -9.14      -178.70
           PLAYSOUTUSDT     9   -1810.10    8365.0  1.320638e+06  1889.0      0.00         -13.71      -201.12
           STRKUSDT         9   -1818.12   22265.0  2.934661e+06  1927.0      0.00          -6.20      -202.01
           DYDXUSDT         9   -1847.36   14783.0  2.592397e+06  1789.0      0.00          -7.13      -205.26
           CHZUSDT          9   -1893.16   13719.0  1.762924e+06  2072.0      0.00         -10.74      -210.35
           IOTAUSDT         9   -1952.09   15691.0  2.491967e+06  1749.0      0.00          -7.83      -216.90
           HAJIMIUSDT       7   -2367.20   13609.0  1.996379e+06  1520.0      0.00         -11.86      -338.17
           CVXUSDT          9   -2393.93   16630.0  2.938844e+06  1670.0      0.00          -8.15      -265.99
           SENTUSDT         9   -2413.16   17796.0  3.145843e+06  1596.0      0.00          -7.67      -268.13
           SUSHIUSDT        9   -2657.34   23880.0  3.216887e+06  1678.0      0.00          -8.26      -295.26
           RIVERUSDT        9   -2743.64   26340.0  2.933480e+06  1690.0      0.00          -9.35      -304.85
           WAVESUSDT        9   -3003.81   28983.0  3.518338e+06  1716.0      0.00          -8.54      -333.76
           CHIPUSDT         9   -3784.72   39671.0  5.736976e+06  1104.0      0.00          -6.60      -420.52
           ARUSDT           9   -4239.87   41089.0  5.861764e+06  1496.0      0.00          -7.23      -471.10
           CROSSUSDT        9   -4482.67   27701.0  5.269326e+06  1463.0      0.00          -8.51      -498.07
           BLASTUSDT        9   -4815.95   45050.0  6.253650e+06  1472.0      0.00          -7.70      -535.11
           POWERUSDT        9   -4858.31   32589.0  5.796105e+06  1511.0      0.00          -8.38      -539.81
           4STOCKUSDT       6   -7029.38   71500.0  7.579371e+06   541.0      0.00          -9.27     -1171.56
           TMXUSDT          8   -7959.83   53802.0  7.302447e+06  1309.0      0.00         -10.90      -994.98
           SAGAUSDT         9  -11175.56   86892.0  1.793491e+07  1150.0      0.00          -6.23     -1241.73
           BRUSDT           9  -14165.47  113681.0  2.089984e+07   559.0      0.00          -6.78     -1573.94
           AKEUSDT          9  -19980.85  155863.0  2.842761e+07   726.0      0.00          -7.03     -2220.09
           LONGXIAUSDT      6  -22940.57  107121.0  2.258162e+07   189.0      0.00         -10.16     -3823.43
hold600    MSTRUSDT         9    -100.39    1025.0  1.805392e+05   122.0      0.11          -5.56       -11.15
           OPUSDT           9    -185.73    2847.0  4.479851e+05   175.0      0.11          -4.15       -20.64
           BOTUSDT          9    -520.77    4928.0  6.427035e+05   333.0      0.00          -8.10       -57.86
           RKLBUSDT         9    -829.69    5515.0  9.693753e+05   276.0      0.00          -8.56       -92.19
           HIVEUSDT         9    -900.25    7073.0  1.117097e+06   264.0      0.00          -8.06      -100.03
           ASTRUSDT         9   -1042.45    8618.0  1.334786e+06   228.0      0.00          -7.81      -115.83
           GASUSDT          9   -1263.10    9495.0  1.650836e+06   235.0      0.00          -7.65      -140.34
           PLAYSOUTUSDT     9   -1295.38    7870.0  1.217435e+06   256.0      0.00         -10.64      -143.93
           JTOUSDT          9   -1369.29   17204.0  2.445656e+06   211.0      0.00          -5.60      -152.14
           CHZUSDT          9   -1508.68   13178.0  1.662812e+06   132.0      0.00          -9.07      -167.63
           STRKUSDT         9   -1528.92   21567.0  2.816605e+06   189.0      0.00          -5.43      -169.88
           DYDXUSDT         9   -1541.19   14194.0  2.490006e+06   111.0      0.00          -6.19      -171.24
           IOTAUSDT         9   -1631.63   15052.0  2.388785e+06   114.0      0.00          -6.83      -181.29
           HAJIMIUSDT       7   -1931.60   13239.0  1.916709e+06    97.0      0.00         -10.08      -275.94
           CVXUSDT          9   -2077.52   16030.0  2.830681e+06   121.0      0.00          -7.34      -230.84
           SENTUSDT         9   -2112.50   17266.0  3.046402e+06   106.0      0.00          -6.93      -234.72
           SUSHIUSDT        9   -2342.12   23338.0  3.131689e+06    97.0      0.00          -7.48      -260.24
           RIVERUSDT        9   -2425.26   26222.0  2.866652e+06    79.0      0.00          -8.46      -269.47
           WAVESUSDT        9   -2669.02   28325.0  3.421427e+06   170.0      0.00          -7.80      -296.56
           CHIPUSDT         9   -3575.35   39245.0  5.664148e+06    36.0      0.00          -6.31      -397.26
           ARUSDT           9   -3980.15   40646.0  5.779834e+06   111.0      0.00          -6.89      -442.24
           CROSSUSDT        9   -4178.96   27230.0  5.177507e+06   128.0      0.00          -8.07      -464.33
           POWERUSDT        9   -4535.07   32095.0  5.706253e+06    77.0      0.00          -7.95      -503.90
           BLASTUSDT        9   -4552.27   44540.0  6.169786e+06   109.0      0.00          -7.38      -505.81
           4STOCKUSDT       6   -6874.03   71396.0  7.546524e+06     0.0      0.00          -9.11     -1145.67
           TMXUSDT          8   -7434.74   53611.0  7.228412e+06    57.0      0.00         -10.29      -929.34
           SAGAUSDT         9  -10982.08   86513.0  1.786599e+07   123.0      0.00          -6.15     -1220.23
           BRUSDT           9  -14054.28  113489.0  2.087099e+07     9.0      0.00          -6.73     -1561.59
           AKEUSDT          9  -19900.12  155607.0  2.838056e+07    84.0      0.00          -7.01     -2211.12
           LONGXIAUSDT      6  -22879.80  107173.0  2.258112e+07     0.0      0.00         -10.13     -3813.30
latency300 MSTRUSDT         9     -57.19     461.0  7.855904e+04   112.0      0.00          -7.28        -6.35
           OPUSDT           9    -199.90    2161.0  3.410454e+05   475.0      0.00          -5.86       -22.21
           BOTUSDT          9    -692.78    4699.0  6.303526e+05  1151.0      0.00         -10.99       -76.98
           RKLBUSDT         9    -912.46    5299.0  9.140726e+05  1112.0      0.00          -9.98      -101.38
           HIVEUSDT         9   -1140.55    6921.0  1.094702e+06  1848.0      0.00         -10.42      -126.73
           ASTRUSDT         9   -1344.25    8592.0  1.358912e+06  1927.0      0.00          -9.89      -149.36
           JTOUSDT          9   -1476.04   15937.0  2.251042e+06  1518.0      0.00          -6.56      -164.00
           GASUSDT          9   -1484.93    8553.0  1.494586e+06  1922.0      0.00          -9.94      -164.99
           STRKUSDT         9   -1641.71   19394.0  2.514201e+06  1897.0      0.00          -6.53      -182.41
           PLAYSOUTUSDT     9   -1758.01    7669.0  1.231212e+06  1916.0      0.00         -14.28      -195.33
           DYDXUSDT         9   -1815.91   13825.0  2.429375e+06  1826.0      0.00          -7.47      -201.77
           CHZUSDT          9   -1848.27   13353.0  1.691756e+06  2100.0      0.00         -10.93      -205.36
           IOTAUSDT         9   -1906.18   14430.0  2.294574e+06  1785.0      0.00          -8.31      -211.80
           CVXUSDT          9   -2238.74   14643.0  2.642674e+06  1707.0      0.00          -8.47      -248.75
           HAJIMIUSDT       7   -2300.80   11611.0  1.806200e+06  1535.0      0.00         -12.74      -328.69
           SENTUSDT         9   -2303.95   15633.0  2.802779e+06  1632.0      0.00          -8.22      -255.99
           SUSHIUSDT        9   -2521.01   21500.0  2.947887e+06  1739.0      0.00          -8.55      -280.11
           RIVERUSDT        9   -2561.34   23560.0  2.668813e+06  1728.0      0.00          -9.60      -284.59
           WAVESUSDT        9   -2663.29   21635.0  2.735230e+06  1795.0      0.00          -9.74      -295.92
           CHIPUSDT         9   -3521.78   35474.0  5.166788e+06  1171.0      0.00          -6.82      -391.31
           ARUSDT           9   -3832.85   33683.0  4.893362e+06  1507.0      0.00          -7.83      -425.87
           CROSSUSDT        9   -3901.68   21460.0  4.126033e+06  1532.0      0.00          -9.46      -433.52
           BLASTUSDT        9   -4036.87   31762.0  4.636931e+06  1524.0      0.00          -8.71      -448.54
           POWERUSDT        9   -4052.15   26517.0  4.721048e+06  1545.0      0.00          -8.58      -450.24
           4STOCKUSDT       6   -5256.49   46218.0  4.934931e+06   645.0      0.00         -10.65      -876.08
           TMXUSDT          8   -5838.19   32901.0  4.582843e+06  1409.0      0.00         -12.74      -729.77
           SAGAUSDT         9   -8733.48   57863.0  1.203291e+07  1163.0      0.00          -7.26      -970.39
           BRUSDT           9  -11115.48   77690.0  1.462566e+07   587.0      0.00          -7.60     -1235.05
           LONGXIAUSDT      6  -11927.04   62634.0  1.177799e+07   243.0      0.00         -10.13     -1987.84
           AKEUSDT          9  -12580.18   74996.0  1.361016e+07   756.0      0.00          -9.24     -1397.80
q1000      MSTRUSDT         9    -552.26    1155.0  9.258765e+05   238.0      0.00          -5.96       -61.36
           OPUSDT           9   -1454.28    3223.0  2.362040e+06   576.0      0.00          -6.16      -161.59
           BOTUSDT          9   -3566.22    5436.0  3.396868e+06  1128.0      0.00         -10.50      -396.25
           RKLBUSDT         9   -4899.35    6151.0  5.042460e+06  1122.0      0.00          -9.72      -544.37
           HIVEUSDT         9   -6092.79    7693.0  5.935754e+06  1854.0      0.00         -10.26      -676.98
           ASTRUSDT         9   -6900.52    9430.0  7.191649e+06  1913.0      0.00          -9.60      -766.72
           JTOUSDT          9   -7841.43   19170.0  1.222647e+07  1553.0      0.00          -6.41      -871.27
           GASUSDT          9   -8058.05   10220.0  8.721408e+06  1899.0      0.00          -9.24      -895.34
           STRKUSDT         9   -9026.34   24779.0  1.398764e+07  2013.0      0.00          -6.45     -1002.93
           PLAYSOUTUSDT     9   -9114.69    8567.0  6.534500e+06  1902.0      0.00         -13.95     -1012.74
           DYDXUSDT         9   -9225.41   15061.0  1.284024e+07  1806.0      0.00          -7.18     -1025.05
           CHZUSDT          9   -9573.17   15979.0  8.293475e+06  2152.0      0.00         -11.54     -1063.69
           IOTAUSDT         9   -9806.07   15940.0  1.224762e+07  1766.0      0.00          -8.01     -1089.56
           CVXUSDT          9  -11970.93   16771.0  1.459346e+07  1670.0      0.00          -8.20     -1330.10
           HAJIMIUSDT       7  -12016.10   13982.0  9.851211e+06  1519.0      0.00         -12.20     -1716.59
           SENTUSDT         9  -12090.72   18049.0  1.563199e+07  1597.0      0.00          -7.73     -1343.41
           SUSHIUSDT        9  -13357.78   25864.0  1.534461e+07  1746.0      0.00          -8.71     -1484.20
           RIVERUSDT        9  -13891.53   30432.0  1.323056e+07  1906.0      0.00         -10.50     -1543.50
           WAVESUSDT        9  -15277.47   30768.0  1.706230e+07  1756.0      0.00          -8.95     -1697.50
           CHIPUSDT         9  -19011.57   42600.0  2.795581e+07  1138.0      0.00          -6.80     -2112.40
           ARUSDT           9  -21364.83   42495.0  2.855169e+07  1528.0      0.00          -7.48     -2373.87
           CROSSUSDT        9  -22466.45   27861.0  2.626916e+07  1462.0      0.00          -8.55     -2496.27
           BLASTUSDT        9  -24318.69   47185.0  3.059400e+07  1496.0      0.00          -7.95     -2702.08
           POWERUSDT        9  -24329.67   32779.0  2.887828e+07  1512.0      0.00          -8.42     -2703.30
           4STOCKUSDT       6  -36309.91   76197.0  3.691119e+07   564.0      0.00          -9.84     -6051.65
           TMXUSDT          8  -40881.41   56031.0  3.592949e+07  1351.0      0.00         -11.38     -5110.18
           SAGAUSDT         9  -55915.91   87820.0  8.929875e+07  1155.0      0.00          -6.26     -6212.88
           BRUSDT           9  -70868.22  114566.0  1.041164e+08   562.0      0.00          -6.81     -7874.25
           AKEUSDT          9  -99998.49  158087.0  1.414130e+08   731.0      0.00          -7.07    -11110.94
           LONGXIAUSDT      6 -116822.50  115392.0  1.072313e+08   204.0      0.00         -10.89    -19470.42
spread8    MSTRUSDT         9      -8.35      28.0  4.956110e+03    15.0      0.22         -16.85        -0.93
           OPUSDT           9     -18.15      74.0  1.184374e+04    34.0      0.00         -15.33        -2.02
           STRKUSDT         9     -61.95     582.0  8.131478e+04   219.0      0.11          -7.62        -6.88
           JTOUSDT          9    -128.83    1177.0  1.688981e+05   270.0      0.11          -7.63       -14.31
           RKLBUSDT         9    -288.66    1727.0  3.084838e+05   331.0      0.00          -9.36       -32.07
           CHZUSDT          9    -319.49    2371.0  3.141259e+05   837.0      0.00         -10.17       -35.50
           ASTRUSDT         9    -404.11    2669.0  4.166684e+05   987.0      0.00          -9.70       -44.90
           DYDXUSDT         9    -536.00    4332.0  7.475308e+05  1091.0      0.00          -7.17       -59.56
           BOTUSDT          9    -569.60    3614.0  5.115559e+05   981.0      0.00         -11.13       -63.29
           HIVEUSDT         9    -592.50    3723.0  5.764246e+05  1094.0      0.00         -10.28       -65.83
           IOTAUSDT         9    -722.31    5737.0  9.228406e+05  1221.0      0.00          -7.83       -80.26
           GASUSDT          9    -794.08    4881.0  8.486694e+05  1241.0      0.00          -9.36       -88.23
           SUSHIUSDT        9    -968.04    7818.0  1.065861e+06  1482.0      0.00          -9.08      -107.56
           CHIPUSDT         9    -971.84   10471.0  1.438898e+06  1331.0      0.00          -6.75      -107.98
           ARUSDT           9   -1176.62   11367.0  1.612405e+06  1209.0      0.00          -7.30      -130.74
           SENTUSDT         9   -1238.57    8765.0  1.574133e+06  1293.0      0.00          -7.87      -137.62
           CVXUSDT          9   -1303.97    8423.0  1.512500e+06  1514.0      0.00          -8.62      -144.89
           PLAYSOUTUSDT     9   -1566.88    7170.0  1.137961e+06  1823.0      0.00         -13.77      -174.10
           WAVESUSDT        9   -1745.24   16911.0  2.153797e+06  1423.0      0.00          -8.10      -193.92
           RIVERUSDT        9   -1782.39   16180.0  1.831748e+06  1243.0      0.00          -9.73      -198.04
           HAJIMIUSDT       7   -2036.38   11561.0  1.710308e+06  1561.0      0.00         -11.91      -290.91
           CROSSUSDT        9   -2587.76   16625.0  3.219452e+06  1494.0      0.00          -8.04      -287.53
           BLASTUSDT        9   -2590.09   24890.0  3.688465e+06  1278.0      0.00          -7.02      -287.79
           POWERUSDT        9   -2948.83   20701.0  3.666478e+06  1507.0      0.00          -8.04      -327.65
           SAGAUSDT         9   -4524.42   32367.0  6.811912e+06   868.0      0.00          -6.64      -502.71
           BRUSDT           9   -5753.60   40237.0  7.308336e+06  1187.0      0.00          -7.87      -639.29
           4STOCKUSDT       6   -6540.61   67488.0  7.118381e+06   584.0      0.00          -9.19     -1090.10
           TMXUSDT          8   -7283.62   49701.0  6.851077e+06  1354.0      0.00         -10.63      -910.45
           AKEUSDT          9   -7978.14   40458.0  7.911290e+06   547.0      0.00         -10.08      -886.46
           LONGXIAUSDT      6  -21510.68  101273.0  2.152769e+07   250.0      0.00          -9.99     -3585.11

По дням (сумма по всем монетам, $):
variant         base   hold600  latency300      q1000   spread8
day                                                            
2026-08-15  -5280.96  -4776.03    -4295.51  -26420.14  -1537.66
2026-09-01  -7013.86  -6118.90    -6162.81  -35342.49  -2807.39
2026-09-08 -11536.27 -10551.72    -9904.36  -58138.44  -5606.84
2026-09-17 -18439.59 -17394.70   -14663.51  -93022.50  -9863.78
2026-09-20 -30668.27 -29771.75   -22635.25 -153971.73 -15616.55
2026-09-23 -21951.73 -21220.86   -16271.41 -110508.52 -12713.12
2026-09-26 -11833.05 -10932.59    -9679.10  -59668.76  -6785.39
2026-09-29  -9221.48  -8226.34    -8298.36  -46742.89  -5727.07
2026-10-01 -22250.33 -21229.46   -13753.21 -113187.27 -18293.89

Всего по вариантам: $base: -138195.55, hold600: -130222.34, latency300: -105663.52, q1000: -697002.74, spread8: -78951.70
